10188,2.29,2.13,0.10,-0.17,625.00,97,114
10790,1.96,1.80,0.09,-0.11,639.00,84,95
11394,2.45,1.67,0.07,-0.16,660.00,75,91
11996,4.90,1.51,-0.01,-0.38,689.00,56,94
12599,9.14,1.65,-0.14,-0.69,675.00,47,116
13202,4.24,1.94,-0.21,-0.09,627.00,92,101
13804,-0.65,2.12,-0.19,0.20,588.00,116,96
14407,-1.31,2.53,-0.00,0.10,517.00,131,121
15009,-0.82,2.91,0.29,0.00,443.00,145,145
15612,7.35,3.33,0.31,-0.71,361.00,130,202
16216,9.96,3.75,0.14,-0.68,277.00,153,221
16818,6.53,3.85,0.05,-0.28,241.00,178,206
17421,3.43,3.74,0.05,-0.10,249.00,181,192
18023,3.26,3.75,0.02,-0.19,250.00,177,196
18626,5.71,3.73,-0.02,-0.42,253.00,165,207
19229,5.55,3.66,-0.14,-0.33,264.00,166,199
19832,5.88,3.55,-0.18,-0.36,283.00,159,195
20435,6.53,3.58,-0.13,-0.41,284.00,158,199
21039,6.37,3.58,-0.15,-0.38,284.00,160,197
21642,6.37,3.59,-0.13,-0.38,283.00,160,198
22245,6.37,3.57,-0.15,-0.38,285.00,159,197
